XCOORD.,YCOORD.,EST,TWL,DUR
44,56,0,16000,0
89,7,0,16000,0
49,3,0,16000,0
11,22,0,16000,0
90,37,0,16000,0
11,60,0,16000,0
53,94,0,16000,0
92,92,0,16000,0
94,71,0,16000,0
10,94,0,16000,0
31,42,98,146,34
22,61,180,360,28
56,32,273,896,29
94,83,220,1043,29
52,55,139,646,39
84,55,267,1472,24
65,78,114,141,38
51,92,256,869,24
20,93,280,753,25
15,2,319,975,21
42,52,264,600,36
51,92,371,254,28
42,23,44,782,37
9,54,358,1297,33
42,60,303,1545,38
31,42,268,879,37
92,16,49,983,36
53,43,41,1053,38
0,0,0,0,0,0,0,0,0,0,0,0,0,0,0,0,0,0,0,0,0,0,0,0,0,0,0,0
0,0,0,0,0,0,0,0,0,0,0,0,0,0,0,0,0,0,0,0,0,0,0,0,0,0,0,0
0,0,0,0,0,0,0,0,0,0,0,0,0,0,0,0,0,0,0,0,0,0,0,0,0,0,0,0
0,0,0,0,0,0,0,0,0,0,0,0,0,0,0,0,0,0,0,0,0,0,0,0,0,0,0,0
0,0,0,0,0,0,0,0,0,0,0,0,0,0,0,0,0,0,0,0,0,0,0,0,0,0,0,0
0,0,0,0,0,0,0,0,0,0,0,0,0,0,0,0,0,0,0,0,0,0,0,0,0,0,0,0
0,0,0,0,0,0,0,0,0,0,0,0,0,0,0,0,0,0,0,0,0,0,0,0,0,0,0,0
0,0,0,0,0,0,0,0,0,0,0,0,0,0,0,0,0,0,0,0,0,0,0,0,0,0,0,0
0,0,0,0,0,0,0,0,0,0,0,0,0,0,0,0,0,0,0,0,0,0,0,0,0,0,0,0
0,0,0,0,0,0,0,0,0,0,0,0,0,0,0,0,0,0,0,0,0,0,0,0,0,0,0,0
0,0,0,0,0,0,0,0,0,0,0,0,0,0,0,0,0,0,0,0,0,0,0,0,0,0,0,0
0,0,0,0,0,0,0,0,0,0,0,0,0,0,0,0,0,0,0,0,0,0,0,0,0,0,0,0
0,0,0,0,0,0,0,0,0,0,0,0,0,0,0,0,0,0,0,0,0,0,0,0,0,0,0,0
0,0,0,0,0,0,0,0,0,0,0,0,0,0,0,0,0,0,0,0,0,0,0,0,0,0,0,0
0,0,0,0,0,0,0,0,0,0,0,1,0,0,0,0,0,0,0,0,0,0,0,0,0,0,0,0
0,0,0,0,0,0,0,0,0,0,0,0,0,0,0,0,0,0,0,0,0,0,0,0,0,0,0,0
0,0,0,0,0,0,0,0,0,0,0,0,1,0,0,0,0,0,0,0,0,0,0,0,0,0,0,0
0,0,0,0,0,0,0,0,0,0,0,1,0,0,0,0,0,0,0,0,0,0,0,0,0,0,0,0
0,0,0,0,0,0,0,0,0,0,0,0,0,0,0,0,0,0,0,0,0,0,0,0,0,0,0,0
0,0,0,0,0,0,0,0,0,0,0,0,0,0,0,0,0,0,0,0,1,0,0,0,0,0,0,0
0,0,0,0,0,0,0,0,0,0,0,0,0,0,0,0,0,0,0,0,0,0,0,0,0,0,0,0
0,0,0,0,0,0,0,0,0,0,0,0,0,0,0,0,0,0,0,0,0,0,0,0,0,1,0,0
0,0,0,0,0,0,0,0,0,0,0,1,0,1,0,1,0,0,0,0,0,0,0,0,0,0,0,0
0,0,0,0,0,0,0,0,0,0,0,0,0,0,0,0,0,0,0,0,0,0,0,0,0,0,0,0
0,0,0,0,0,0,0,0,0,0,0,0,0,0,0,0,0,0,0,0,0,0,0,0,0,0,0,0
0,0,0,0,0,0,0,0,0,0,0,0,0,0,0,0,0,0,0,0,0,0,0,0,0,0,0,0
0,0,0,0,0,0,0,0,0,0,0,0,0,0,0,0,0,0,0,0,0,0,0,0,0,0,0,0
0,0,0,0,0,0,0,0,0,0,0,0,0,0,0,0,0,0,0,0,0,0,0,0,0,0,0,0
0.0,79.0,69.0,112.0,46.0,82.0,38.0,48.0,50.0,75.0,104.0,81.0,40.0,50.0,8.0,40.0,22.0,36.0,65.0,99.0,4.0,36.0,85.0,88.0,4.0,104.0,83.0,41.0
79.0,0.0,40.0,87.0,69.0,145.0,101.0,111.0,78.0,138.0,79.0,144.0,39.0,113.0,71.0,63.0,85.0,99.0,128.0,74.0,81.0,99.0,60.0,151.0,81.0,79.0,9.0,50.0
69.0,40.0,0.0,47.0,59.0,135.0,91.0,101.0,68.0,128.0,39.0,134.0,29.0,103.0,61.0,53.0,75.0,89.0,118.0,34.0,71.0,89.0,20.0,141.0,71.0,39.0,44.0,40.0
112.0,87.0,47.0,0.0,102.0,178.0,134.0,144.0,111.0,171.0,20.0,177.0,72.0,146.0,104.0,96.0,118.0,132.0,161.0,62.0,114.0,132.0,31.0,184.0,114.0,20.0,91.0,83.0
46.0,69.0,59.0,102.0,0.0,106.0,62.0,72.0,39.0,99.0,94.0,105.0,34.0,74.0,38.0,24.0,46.0,60.0,89.0,89.0,48.0,60.0,75.0,112.0,48.0,94.0,73.0,37.0
82.0,145.0,135.0,178.0,106.0,0.0,50.0,89.0,91.0,34.0,170.0,11.0,106.0,91.0,83.0,83.0,62.0,48.0,33.0,165.0,86.0,48.0,151.0,6.0,83.0,170.0,149.0,107.0
38.0,101.0,91.0,134.0,62.0,50.0,0.0,39.0,46.0,43.0,126.0,49.0,62.0,41.0,39.0,39.0,16.0,2.0,33.0,121.0,42.0,2.0,107.0,56.0,39.0,126.0,105.0,63.0
48.0,111.0,101.0,144.0,72.0,89.0,39.0,0.0,56.0,82.0,136.0,88.0,72.0,9.0,49.0,49.0,27.0,41.0,72.0,131.0,52.0,41.0,117.0,95.0,50.0,136.0,115.0,73.0
50.0,78.0,68.0,111.0,39.0,91.0,46.0,56.0,0.0,84.0,103.0,90.0,39.0,58.0,42.0,16.0,30.0,44.0,74.0,98.0,52.0,44.0,84.0,97.0,52.0,103.0,82.0,41.0
75.0,138.0,128.0,171.0,99.0,34.0,43.0,82.0,84.0,0.0,163.0,33.0,99.0,84.0,76.0,76.0,55.0,41.0,10.0,158.0,79.0,41.0,144.0,40.0,76.0,163.0,142.0,100.0
104.0,79.0,39.0,20.0,94.0,170.0,126.0,136.0,103.0,163.0,0.0,169.0,64.0,138.0,96.0,88.0,110.0,124.0,153.0,54.0,106.0,124.0,19.0,176.0,106.0,0.0,83.0,75.0
81.0,144.0,134.0,177.0,105.0,11.0,49.0,88.0,90.0,33.0,169.0,0.0,105.0,90.0,82.0,82.0,61.0,47.0,32.0,164.0,85.0,47.0,150.0,13.0,82.0,169.0,148.0,106.0
40.0,39.0,29.0,72.0,34.0,106.0,62.0,72.0,39.0,99.0,64.0,105.0,0.0,74.0,32.0,28.0,46.0,60.0,89.0,59.0,42.0,60.0,45.0,112.0,42.0,64.0,43.0,11.0
50.0,113.0,103.0,146.0,74.0,91.0,41.0,9.0,58.0,84.0,138.0,90.0,74.0,0.0,51.0,51.0,29.0,43.0,74.0,133.0,54.0,43.0,119.0,97.0,52.0,138.0,117.0,75.0
8.0,71.0,61.0,104.0,38.0,83.0,39.0,49.0,42.0,76.0,96.0,82.0,32.0,51.0,0.0,32.0,23.0,37.0,66.0,91.0,10.0,37.0,77.0,89.0,10.0,96.0,75.0,33.0
40.0,63.0,53.0,96.0,24.0,83.0,39.0,49.0,16.0,76.0,88.0,82.0,28.0,51.0,32.0,0.0,23.0,37.0,66.0,83.0,42.0,37.0,69.0,89.0,42.0,88.0,67.0,31.0
22.0,85.0,75.0,118.0,46.0,62.0,16.0,27.0,30.0,55.0,110.0,61.0,46.0,29.0,23.0,23.0,0.0,14.0,45.0,105.0,26.0,14.0,91.0,68.0,23.0,110.0,89.0,47.0
36.0,99.0,89.0,132.0,60.0,48.0,2.0,41.0,44.0,41.0,124.0,47.0,60.0,43.0,37.0,37.0,14.0,0.0,31.0,119.0,40.0,0.0,105.0,54.0,37.0,124.0,103.0,61.0
65.0,128.0,118.0,161.0,89.0,33.0,33.0,72.0,74.0,10.0,153.0,32.0,89.0,74.0,66.0,66.0,45.0,31.0,0.0,148.0,69.0,31.0,134.0,39.0,66.0,153.0,132.0,90.0
99.0,74.0,34.0,62.0,89.0,165.0,121.0,131.0,98.0,158.0,54.0,164.0,59.0,133.0,91.0,83.0,105.0,119.0,148.0,0.0,101.0,119.0,35.0,171.0,101.0,54.0,78.0,70.0
4.0,81.0,71.0,114.0,48.0,86.0,42.0,52.0,52.0,79.0,106.0,85.0,42.0,54.0,10.0,42.0,26.0,40.0,69.0,101.0,0.0,40.0,87.0,92.0,8.0,106.0,85.0,43.0
36.0,99.0,89.0,132.0,60.0,48.0,2.0,41.0,44.0,41.0,124.0,47.0,60.0,43.0,37.0,37.0,14.0,0.0,31.0,119.0,40.0,0.0,105.0,54.0,37.0,124.0,103.0,61.0
85.0,60.0,20.0,31.0,75.0,151.0,107.0,117.0,84.0,144.0,19.0,150.0,45.0,119.0,77.0,69.0,91.0,105.0,134.0,35.0,87.0,105.0,0.0,157.0,87.0,19.0,64.0,56.0
88.0,151.0,141.0,184.0,112.0,6.0,56.0,95.0,97.0,40.0,176.0,13.0,112.0,97.0,89.0,89.0,68.0,54.0,39.0,171.0,92.0,54.0,157.0,0.0,89.0,176.0,155.0,113.0
4.0,81.0,71.0,114.0,48.0,83.0,39.0,50.0,52.0,76.0,106.0,82.0,42.0,52.0,10.0,42.0,23.0,37.0,66.0,101.0,8.0,37.0,87.0,89.0,0.0,106.0,85.0,43.0
104.0,79.0,39.0,20.0,94.0,170.0,126.0,136.0,103.0,163.0,0.0,169.0,64.0,138.0,96.0,88.0,110.0,124.0,153.0,54.0,106.0,124.0,19.0,176.0,106.0,0.0,83.0,75.0
83.0,9.0,44.0,91.0,73.0,149.0,105.0,115.0,82.0,142.0,83.0,148.0,43.0,117.0,75.0,67.0,89.0,103.0,132.0,78.0,85.0,103.0,64.0,155.0,85.0,83.0,0.0,54.0
41.0,50.0,40.0,83.0,37.0,107.0,63.0,73.0,41.0,100.0,75.0,106.0,11.0,75.0,33.0,31.0,47.0,61.0,90.0,70.0,43.0,61.0,56.0,113.0,43.0,75.0,54.0,0.0
