XCOORD.,YCOORD.,EST,TWL,DUR
49,3,0,16000,0
92,92,0,16000,0
90,37,0,16000,0
56,20,193,401,24
89,40,284,748,34
50,71,236,144,21
83,97,306,108,23
50,71,121,1407,38
76,70,425,289,33
31,42,287,1404,27
89,40,179,603,33
12,66,402,1058,21
42,52,155,485,24
65,41,151,280,22
45,85,423,521,27
10,84,495,1269,28
20,18,410,862,30
59,63,488,1295,27
12,66,273,993,34
38,14,551,1140,27
84,55,228,532,32
0,0,0,0,0,0,0,0,0,0,0,0,0,0,0,0,0,0,0,0,0
0,0,0,0,0,0,0,0,0,0,0,0,0,0,0,0,0,0,0,0,0
0,0,0,0,0,0,0,0,0,0,0,0,0,0,0,0,0,0,0,0,0
0,0,0,0,0,0,0,0,0,0,0,0,0,0,0,0,0,0,0,0,0
0,0,0,0,0,1,0,0,0,0,0,0,0,0,0,1,0,0,0,0,0
0,0,0,0,0,0,0,1,0,0,0,0,0,0,0,0,0,0,0,0,0
0,0,0,0,0,0,0,0,0,0,0,0,0,0,0,0,0,0,0,0,1
0,0,0,0,0,0,0,0,0,0,0,0,0,1,0,0,0,1,0,0,0
0,0,0,0,1,0,0,0,0,0,0,1,0,0,0,0,0,1,0,0,0
0,0,0,0,0,0,0,0,0,0,0,0,0,0,0,0,0,0,0,0,0
0,0,0,0,0,0,0,0,0,0,0,0,0,0,0,0,0,0,0,0,0
0,0,0,0,0,0,0,0,0,0,1,0,0,0,0,0,0,0,1,0,0
0,0,0,0,0,0,0,0,0,0,0,0,0,0,0,0,1,0,0,0,1
0,0,0,0,0,0,0,0,0,0,0,0,0,0,0,0,0,0,0,0,0
0,0,0,0,0,0,0,0,0,0,0,0,0,0,0,1,0,0,0,0,0
0,0,0,0,0,0,0,0,0,0,0,0,0,0,0,0,0,0,0,0,0
0,0,0,0,0,0,0,0,0,0,0,0,0,0,0,0,0,0,0,0,0
0,0,0,0,0,0,0,0,0,0,0,0,0,0,0,0,0,0,0,0,0
0,0,0,0,0,0,0,0,0,0,0,0,0,0,0,0,0,0,0,0,0
0,0,0,1,0,0,0,0,0,0,0,0,1,0,0,0,0,0,0,0,0
0,0,0,0,0,0,0,1,0,0,0,0,0,0,1,0,0,0,0,0,0
0.0,101.0,59.0,17.0,58.0,68.0,94.0,68.0,67.0,39.0,58.0,130.0,71.0,38.0,93.0,128.0,38.0,60.0,130.0,11.0,53.0
101.0,0.0,72.0,84.0,71.0,42.0,9.0,42.0,38.0,136.0,71.0,84.0,52.0,63.0,47.0,82.0,135.0,41.0,84.0,108.0,49.0
59.0,72.0,0.0,42.0,3.0,40.0,65.0,40.0,38.0,94.0,3.0,101.0,48.0,25.0,64.0,99.0,93.0,31.0,101.0,66.0,24.0
17.0,84.0,42.0,0.0,41.0,51.0,77.0,51.0,50.0,52.0,41.0,113.0,54.0,21.0,76.0,111.0,51.0,43.0,113.0,24.0,36.0
58.0,71.0,3.0,41.0,0.0,39.0,64.0,39.0,37.0,93.0,0.0,100.0,47.0,24.0,63.0,98.0,92.0,30.0,100.0,65.0,23.0
68.0,42.0,40.0,51.0,39.0,0.0,34.0,0.0,26.0,103.0,39.0,70.0,19.0,30.0,33.0,68.0,102.0,9.0,70.0,75.0,34.0
94.0,9.0,65.0,77.0,64.0,34.0,0.0,34.0,31.0,129.0,64.0,75.0,45.0,56.0,38.0,73.0,128.0,34.0,75.0,101.0,42.0
68.0,42.0,40.0,51.0,39.0,0.0,34.0,0.0,26.0,103.0,39.0,70.0,19.0,30.0,33.0,68.0,102.0,9.0,70.0,75.0,34.0
67.0,38.0,38.0,50.0,37.0,26.0,31.0,26.0,0.0,102.0,37.0,68.0,34.0,29.0,31.0,66.0,101.0,17.0,68.0,74.0,15.0
39.0,136.0,94.0,52.0,93.0,103.0,129.0,103.0,102.0,0.0,93.0,165.0,106.0,73.0,128.0,163.0,24.0,95.0,165.0,28.0,88.0
58.0,71.0,3.0,41.0,0.0,39.0,64.0,39.0,37.0,93.0,0.0,100.0,47.0,24.0,63.0,98.0,92.0,30.0,100.0,65.0,23.0
130.0,84.0,101.0,113.0,100.0,70.0,75.0,70.0,68.0,165.0,100.0,0.0,81.0,92.0,38.0,26.0,164.0,70.0,0.0,137.0,78.0
71.0,52.0,48.0,54.0,47.0,19.0,45.0,19.0,34.0,106.0,47.0,81.0,0.0,33.0,44.0,79.0,105.0,17.0,81.0,78.0,42.0
38.0,63.0,25.0,21.0,24.0,30.0,56.0,30.0,29.0,73.0,24.0,92.0,33.0,0.0,55.0,90.0,72.0,22.0,92.0,45.0,19.0
93.0,47.0,64.0,76.0,63.0,33.0,38.0,33.0,31.0,128.0,63.0,38.0,44.0,55.0,0.0,36.0,127.0,33.0,38.0,100.0,41.0
128.0,82.0,99.0,111.0,98.0,68.0,73.0,68.0,66.0,163.0,98.0,26.0,79.0,90.0,36.0,0.0,162.0,68.0,26.0,135.0,76.0
38.0,135.0,93.0,51.0,92.0,102.0,128.0,102.0,101.0,24.0,92.0,164.0,105.0,72.0,127.0,162.0,0.0,94.0,164.0,27.0,87.0
60.0,41.0,31.0,43.0,30.0,9.0,34.0,9.0,17.0,95.0,30.0,70.0,17.0,22.0,33.0,68.0,94.0,0.0,70.0,67.0,25.0
130.0,84.0,101.0,113.0,100.0,70.0,75.0,70.0,68.0,165.0,100.0,0.0,81.0,92.0,38.0,26.0,164.0,70.0,0.0,137.0,78.0
11.0,108.0,66.0,24.0,65.0,75.0,101.0,75.0,74.0,28.0,65.0,137.0,78.0,45.0,100.0,135.0,27.0,67.0,137.0,0.0,60.0
53.0,49.0,24.0,36.0,23.0,34.0,42.0,34.0,15.0,88.0,23.0,78.0,42.0,19.0,41.0,76.0,87.0,25.0,78.0,60.0,0.0
