XCOORD.,YCOORD.,EST,TWL,DUR
94,71,0,16000,0
53,94,0,16000,0
11,60,0,16000,0
24,80,120,741,38
42,52,51,887,22
9,54,123,1162,39
22,61,329,882,29
10,84,157,790,21
20,18,255,1097,36
92,16,323,692,28
30,58,468,1226,20
39,2,131,974,21
29,89,360,104,29
38,14,410,1473,21
22,61,311,409,36
56,20,235,1211,26
27,7,463,1106,38
9,54,194,253,21
83,97,531,776,31
29,89,345,771,21
39,2,499,1442,25
0,0,0,0,0,0,0,0,0,0,0,0,0,0,0,0,0,0,0,0,0
0,0,0,0,0,0,0,0,0,0,0,0,0,0,0,0,0,0,0,0,0
0,0,0,0,0,0,0,0,0,0,0,0,0,0,0,0,0,0,0,0,0
0,0,0,0,0,0,0,0,0,0,0,0,0,1,0,0,0,0,0,0,0
0,0,0,0,0,0,0,0,0,0,0,0,0,0,0,0,0,0,0,0,0
0,0,0,0,0,0,0,0,0,0,0,0,0,0,0,0,0,0,0,0,0
0,0,0,0,0,0,0,0,0,0,0,0,0,0,0,0,0,0,0,0,0
0,0,0,0,0,0,0,0,0,0,0,0,0,0,1,0,0,0,0,0,1
0,0,0,0,0,0,0,0,0,0,0,0,0,0,0,0,0,0,0,0,0
0,0,0,0,0,0,0,0,0,0,0,0,0,0,0,0,0,0,0,0,0
0,0,0,0,0,0,0,0,0,0,0,0,0,0,0,0,0,0,0,0,0
0,0,0,0,0,0,0,0,0,0,0,0,0,0,0,0,0,0,0,0,0
0,0,0,0,0,0,0,0,0,0,0,0,0,0,0,0,0,0,0,0,0
0,0,0,0,0,0,0,0,0,0,0,0,0,0,0,0,0,0,0,0,0
0,0,0,0,0,0,0,0,0,0,0,0,0,0,0,0,0,0,0,0,0
0,0,0,0,0,0,0,0,0,0,0,0,0,0,0,0,0,0,0,0,0
0,0,0,0,0,0,0,0,0,0,0,0,0,0,0,0,0,0,0,0,0
0,0,0,0,0,0,0,0,0,0,0,1,0,0,0,0,0,0,0,0,0
0,0,0,0,0,0,0,0,0,0,0,0,0,0,1,0,0,0,0,0,0
0,0,0,0,0,0,0,0,0,0,0,0,0,0,0,0,0,0,0,0,0
0,0,0,0,1,0,0,0,0,0,0,0,0,0,0,0,0,0,0,0,0
0.0,46.0,91.0,71.0,52.0,97.0,90.0,84.0,102.0,82.0,93.0,74.0,65.0,75.0,90.0,51.0,86.0,97.0,49.0,65.0,74.0
46.0,0.0,50.0,30.0,42.0,56.0,49.0,43.0,125.0,105.0,52.0,97.0,24.0,98.0,49.0,74.0,109.0,56.0,30.0,24.0,97.0
91.0,50.0,0.0,20.0,86.0,6.0,11.0,31.0,169.0,149.0,19.0,141.0,29.0,142.0,11.0,118.0,153.0,6.0,80.0,29.0,141.0
71.0,30.0,20.0,0.0,66.0,26.0,19.0,14.0,149.0,129.0,22.0,121.0,9.0,122.0,19.0,98.0,133.0,26.0,60.0,9.0,121.0
52.0,42.0,86.0,66.0,0.0,92.0,85.0,79.0,105.0,85.0,88.0,77.0,60.0,78.0,85.0,54.0,89.0,92.0,45.0,60.0,77.0
97.0,56.0,6.0,26.0,92.0,0.0,13.0,37.0,175.0,155.0,21.0,147.0,35.0,148.0,13.0,124.0,159.0,0.0,86.0,35.0,147.0
90.0,49.0,11.0,19.0,85.0,13.0,0.0,30.0,168.0,148.0,8.0,140.0,28.0,141.0,0.0,117.0,152.0,13.0,79.0,28.0,140.0
84.0,43.0,31.0,14.0,79.0,37.0,30.0,0.0,162.0,142.0,33.0,134.0,19.0,135.0,30.0,111.0,146.0,37.0,73.0,19.0,134.0
102.0,125.0,169.0,149.0,105.0,175.0,168.0,162.0,0.0,82.0,171.0,39.0,143.0,27.0,168.0,51.0,41.0,175.0,128.0,143.0,39.0
82.0,105.0,149.0,129.0,85.0,155.0,148.0,142.0,82.0,0.0,151.0,54.0,123.0,55.0,148.0,37.0,66.0,155.0,108.0,123.0,54.0
93.0,52.0,19.0,22.0,88.0,21.0,8.0,33.0,171.0,151.0,0.0,143.0,31.0,144.0,8.0,120.0,155.0,21.0,82.0,31.0,143.0
74.0,97.0,141.0,121.0,77.0,147.0,140.0,134.0,39.0,54.0,143.0,0.0,115.0,12.0,140.0,23.0,12.0,147.0,100.0,115.0,0.0
65.0,24.0,29.0,9.0,60.0,35.0,28.0,19.0,143.0,123.0,31.0,115.0,0.0,116.0,28.0,92.0,127.0,35.0,54.0,0.0,115.0
75.0,98.0,142.0,122.0,78.0,148.0,141.0,135.0,27.0,55.0,144.0,12.0,116.0,0.0,141.0,24.0,14.0,148.0,101.0,116.0,12.0
90.0,49.0,11.0,19.0,85.0,13.0,0.0,30.0,168.0,148.0,8.0,140.0,28.0,141.0,0.0,117.0,152.0,13.0,79.0,28.0,140.0
51.0,74.0,118.0,98.0,54.0,124.0,117.0,111.0,51.0,37.0,120.0,23.0,92.0,24.0,117.0,0.0,35.0,124.0,77.0,92.0,23.0
86.0,109.0,153.0,133.0,89.0,159.0,152.0,146.0,41.0,66.0,155.0,12.0,127.0,14.0,152.0,35.0,0.0,159.0,112.0,127.0,12.0
97.0,56.0,6.0,26.0,92.0,0.0,13.0,37.0,175.0,155.0,21.0,147.0,35.0,148.0,13.0,124.0,159.0,0.0,86.0,35.0,147.0
49.0,30.0,80.0,60.0,45.0,86.0,79.0,73.0,128.0,108.0,82.0,100.0,54.0,101.0,79.0,77.0,112.0,86.0,0.0,54.0,100.0
65.0,24.0,29.0,9.0,60.0,35.0,28.0,19.0,143.0,123.0,31.0,115.0,0.0,116.0,28.0,92.0,127.0,35.0,54.0,0.0,115.0
74.0,97.0,141.0,121.0,77.0,147.0,140.0,134.0,39.0,54.0,143.0,0.0,115.0,12.0,140.0,23.0,12.0,147.0,100.0,115.0,0.0
