XCOORD.,YCOORD.,EST,TWL,DUR
11,22,0,16000,0
90,37,0,16000,0
11,60,0,16000,0
44,56,0,16000,0
10,94,0,16000,0
53,94,0,16000,0
94,71,0,16000,0
92,92,0,16000,0
89,7,0,16000,0
49,3,0,16000,0
71,50,301,725,24
31,42,386,832,34
42,41,255,839,38
30,58,223,1038,22
24,80,292,829,39
86,68,111,1274,35
7,32,356,487,27
27,28,292,1436,29
53,43,179,239,28
53,7,254,637,30
56,20,324,1497,22
77,2,509,561,24
20,93,520,391,28
56,32,451,900,38
29,89,233,283,23
39,97,551,1055,29
75,86,454,422,28
39,2,524,938,33
0,0,0,0,0,0,0,0,0,0,0,0,0,0,0,0,0,0,0,0,0,0,0,0,0,0,0,0
0,0,0,0,0,0,0,0,0,0,0,0,0,0,0,0,0,0,0,0,0,0,0,0,0,0,0,0
0,0,0,0,0,0,0,0,0,0,0,0,0,0,0,0,0,0,0,0,0,0,0,0,0,0,0,0
0,0,0,0,0,0,0,0,0,0,0,0,0,0,0,0,0,0,0,0,0,0,0,0,0,0,0,0
0,0,0,0,0,0,0,0,0,0,0,0,0,0,0,0,0,0,0,0,0,0,0,0,0,0,0,0
0,0,0,0,0,0,0,0,0,0,0,0,0,0,0,0,0,0,0,0,0,0,0,0,0,0,0,0
0,0,0,0,0,0,0,0,0,0,0,0,0,0,0,0,0,0,0,0,0,0,0,0,0,0,0,0
0,0,0,0,0,0,0,0,0,0,0,0,0,0,0,0,0,0,0,0,0,0,0,0,0,0,0,0
0,0,0,0,0,0,0,0,0,0,0,0,0,0,0,0,0,0,0,0,0,0,0,0,0,0,0,0
0,0,0,0,0,0,0,0,0,0,0,0,0,0,0,0,0,0,0,0,0,0,0,0,0,0,0,0
0,0,0,0,0,0,0,0,0,0,0,0,0,0,0,0,1,0,0,0,0,0,0,0,0,0,0,0
0,0,0,0,0,0,0,0,0,0,0,0,0,0,0,0,0,0,0,0,0,0,0,0,0,0,0,0
0,0,0,0,0,0,0,0,0,0,0,1,0,0,0,0,0,0,0,0,0,0,0,0,0,0,0,0
0,0,0,0,0,0,0,0,0,0,0,0,0,0,0,0,0,0,0,0,0,0,0,0,0,0,0,0
0,0,0,0,0,0,0,0,0,0,0,0,0,0,0,0,0,0,0,0,0,0,0,0,0,0,0,0
0,0,0,0,0,0,0,0,0,0,0,0,1,1,0,0,0,0,0,0,0,0,0,1,0,0,0,0
0,0,0,0,0,0,0,0,0,0,0,0,0,0,0,0,0,0,0,0,0,0,0,0,0,0,0,0
0,0,0,0,0,0,0,0,0,0,0,0,0,0,0,0,0,0,0,0,0,0,0,0,0,0,1,0
0,0,0,0,0,0,0,0,0,0,0,0,0,0,1,0,0,0,0,0,0,0,0,0,0,0,0,1
0,0,0,0,0,0,0,0,0,0,0,0,0,0,1,0,0,0,0,0,0,0,0,0,0,0,0,0
0,0,0,0,0,0,0,0,0,0,0,0,0,0,0,0,0,0,0,0,0,0,0,0,0,0,0,0
0,0,0,0,0,0,0,0,0,0,0,0,0,0,0,0,0,0,0,0,0,0,0,0,0,0,0,0
0,0,0,0,0,0,0,0,0,0,0,0,0,0,0,0,0,0,0,0,0,0,0,0,0,0,0,0
0,0,0,0,0,0,0,0,0,0,0,0,0,0,0,0,0,0,0,0,0,0,0,0,0,0,0,0
0,0,0,0,0,0,0,0,0,0,0,0,0,0,0,0,0,0,0,0,0,0,0,0,0,0,0,0
0,0,0,0,0,0,0,0,0,0,0,0,0,0,0,0,0,0,0,0,0,0,0,0,0,0,0,0
0,0,0,0,0,0,0,0,0,0,0,0,0,0,0,0,0,0,0,0,0,0,0,0,0,0,0,0
0,0,0,0,0,0,0,0,0,0,0,0,0,0,0,0,1,0,0,0,0,0,0,0,0,0,0,0
0.0,102.0,178.0,112.0,171.0,134.0,111.0,144.0,87.0,47.0,90.0,20.0,31.0,180.0,158.0,108.0,10.0,16.0,83.0,51.0,60.0,75.0,161.0,72.0,152.0,142.0,127.0,48.0
102.0,0.0,106.0,46.0,99.0,62.0,39.0,72.0,69.0,59.0,19.0,94.0,93.0,108.0,86.0,36.0,106.0,86.0,37.0,55.0,42.0,60.0,89.0,34.0,80.0,70.0,55.0,65.0
178.0,106.0,0.0,82.0,34.0,50.0,91.0,89.0,145.0,135.0,88.0,170.0,169.0,19.0,20.0,83.0,182.0,162.0,107.0,131.0,118.0,136.0,33.0,106.0,29.0,37.0,72.0,141.0
112.0,46.0,82.0,0.0,75.0,38.0,50.0,48.0,79.0,69.0,27.0,104.0,103.0,84.0,62.0,42.0,116.0,96.0,41.0,65.0,52.0,70.0,65.0,40.0,56.0,46.0,31.0,75.0
171.0,99.0,34.0,75.0,0.0,43.0,84.0,82.0,138.0,128.0,81.0,163.0,162.0,36.0,14.0,76.0,175.0,155.0,100.0,124.0,111.0,129.0,10.0,99.0,19.0,29.0,65.0,134.0
134.0,62.0,50.0,38.0,43.0,0.0,46.0,39.0,101.0,91.0,44.0,126.0,125.0,52.0,30.0,38.0,138.0,118.0,63.0,87.0,74.0,92.0,33.0,62.0,24.0,14.0,22.0,97.0
111.0,39.0,91.0,50.0,84.0,46.0,0.0,56.0,78.0,68.0,23.0,103.0,102.0,93.0,71.0,8.0,115.0,95.0,41.0,64.0,51.0,69.0,74.0,39.0,65.0,55.0,39.0,74.0
144.0,72.0,89.0,48.0,82.0,39.0,56.0,0.0,111.0,101.0,54.0,136.0,135.0,91.0,69.0,48.0,148.0,128.0,73.0,97.0,84.0,102.0,72.0,72.0,63.0,53.0,17.0,107.0
87.0,69.0,145.0,79.0,138.0,101.0,78.0,111.0,0.0,40.0,57.0,79.0,78.0,147.0,125.0,75.0,91.0,71.0,50.0,36.0,33.0,12.0,128.0,39.0,119.0,109.0,94.0,50.0
47.0,59.0,135.0,69.0,128.0,91.0,68.0,101.0,40.0,0.0,47.0,39.0,38.0,137.0,115.0,65.0,51.0,31.0,40.0,4.0,17.0,28.0,118.0,29.0,109.0,99.0,84.0,10.0
90.0,19.0,88.0,27.0,81.0,44.0,23.0,54.0,57.0,47.0,0.0,82.0,81.0,90.0,68.0,18.0,94.0,74.0,19.0,43.0,30.0,48.0,71.0,18.0,62.0,52.0,37.0,53.0
20.0,94.0,170.0,104.0,163.0,126.0,103.0,136.0,79.0,39.0,82.0,0.0,11.0,172.0,150.0,100.0,24.0,14.0,75.0,43.0,52.0,67.0,153.0,64.0,144.0,134.0,119.0,40.0
31.0,93.0,169.0,103.0,162.0,125.0,102.0,135.0,78.0,38.0,81.0,11.0,0.0,171.0,149.0,99.0,35.0,15.0,74.0,42.0,51.0,66.0,152.0,63.0,143.0,133.0,118.0,39.0
180.0,108.0,19.0,84.0,36.0,52.0,93.0,91.0,147.0,137.0,90.0,172.0,171.0,0.0,22.0,85.0,184.0,164.0,109.0,133.0,120.0,138.0,35.0,108.0,31.0,39.0,74.0,143.0
158.0,86.0,20.0,62.0,14.0,30.0,71.0,69.0,125.0,115.0,68.0,150.0,149.0,22.0,0.0,63.0,162.0,142.0,87.0,111.0,98.0,116.0,13.0,86.0,9.0,17.0,52.0,121.0
108.0,36.0,83.0,42.0,76.0,38.0,8.0,48.0,75.0,65.0,18.0,100.0,99.0,85.0,63.0,0.0,112.0,92.0,37.0,61.0,48.0,66.0,66.0,36.0,57.0,47.0,31.0,71.0
10.0,106.0,182.0,116.0,175.0,138.0,115.0,148.0,91.0,51.0,94.0,24.0,35.0,184.0,162.0,112.0,0.0,20.0,87.0,55.0,64.0,79.0,165.0,76.0,156.0,146.0,131.0,52.0
16.0,86.0,162.0,96.0,155.0,118.0,95.0,128.0,71.0,31.0,74.0,14.0,15.0,164.0,142.0,92.0,20.0,0.0,67.0,35.0,44.0,59.0,145.0,56.0,136.0,126.0,111.0,32.0
83.0,37.0,107.0,41.0,100.0,63.0,41.0,73.0,50.0,40.0,19.0,75.0,74.0,109.0,87.0,37.0,87.0,67.0,0.0,36.0,23.0,41.0,90.0,11.0,81.0,71.0,56.0,46.0
51.0,55.0,131.0,65.0,124.0,87.0,64.0,97.0,36.0,4.0,43.0,43.0,42.0,133.0,111.0,61.0,55.0,35.0,36.0,0.0,13.0,24.0,114.0,25.0,105.0,95.0,80.0,14.0
60.0,42.0,118.0,52.0,111.0,74.0,51.0,84.0,33.0,17.0,30.0,52.0,51.0,120.0,98.0,48.0,64.0,44.0,23.0,13.0,0.0,21.0,101.0,12.0,92.0,82.0,67.0,23.0
75.0,60.0,136.0,70.0,129.0,92.0,69.0,102.0,12.0,28.0,48.0,67.0,66.0,138.0,116.0,66.0,79.0,59.0,41.0,24.0,21.0,0.0,119.0,30.0,110.0,100.0,85.0,38.0
161.0,89.0,33.0,65.0,10.0,33.0,74.0,72.0,128.0,118.0,71.0,153.0,152.0,35.0,13.0,66.0,165.0,145.0,90.0,114.0,101.0,119.0,0.0,89.0,9.0,19.0,55.0,124.0
72.0,34.0,106.0,40.0,99.0,62.0,39.0,72.0,39.0,29.0,18.0,64.0,63.0,108.0,86.0,36.0,76.0,56.0,11.0,25.0,12.0,30.0,89.0,0.0,80.0,70.0,55.0,35.0
152.0,80.0,29.0,56.0,19.0,24.0,65.0,63.0,119.0,109.0,62.0,144.0,143.0,31.0,9.0,57.0,156.0,136.0,81.0,105.0,92.0,110.0,9.0,80.0,0.0,10.0,46.0,115.0
142.0,70.0,37.0,46.0,29.0,14.0,55.0,53.0,109.0,99.0,52.0,134.0,133.0,39.0,17.0,47.0,146.0,126.0,71.0,95.0,82.0,100.0,19.0,70.0,10.0,0.0,36.0,105.0
127.0,55.0,72.0,31.0,65.0,22.0,39.0,17.0,94.0,84.0,37.0,119.0,118.0,74.0,52.0,31.0,131.0,111.0,56.0,80.0,67.0,85.0,55.0,55.0,46.0,36.0,0.0,90.0
48.0,65.0,141.0,75.0,134.0,97.0,74.0,107.0,50.0,10.0,53.0,40.0,39.0,143.0,121.0,71.0,52.0,32.0,46.0,14.0,23.0,38.0,124.0,35.0,115.0,105.0,90.0,0.0
